5 437367875
214718285 8 8 456385616
18080 22923 14695 15725 15931 28188 31942 5712 2247 333 2165 296 1305 1394 2512 491
273784947 8 8 627451865
12315 24085 20752 19928 12555 10944 998 21782 3208 2358 3080 3182 800 1628 1670 2295
214051948 8 8 335898352
19059 10260 29763 31734 3533 21604 26488 10272 1156 2739 942 2014 3040 1906 2989 1078
35340438 8 8 871484826
16458 16301 12888 25164 27458 13272 26080 18912 596 1937 3219 1900 286 1052 2898 989
61235879 8 8 536594888
190 6300 11510 25980 32473 16098 7067 11107 2173 1172 1715 75 2611 1208 1116 2477
