50.000000 100.000000
1000
-2.00000000 79.14359354 45
43.00000000 97.26794919 7
-11.00000000 23.94744112 34
-25.00000000 31.94744112 33
3.00000000 55.94744112 51
8.00000000 95.53589838 33
11.00000000 59.94744112 5
-6.00000000 93.53589838 24
39.00000000 71.94744112 43
-41.00000000 67.94744112 16
-47.00000000 97.26794919 32
-11.00000000 41.94744112 27
5.00000000 69.94744112 77
1.00000000 55.94744112 51
21.00000000 45.94744112 77
-7.00000000 25.94744112 34
-19.00000000 35.94744112 29
30.00000000 99.00000000 58
16.00000000 75.67949192 84
39.00000000 41.94744112 42
5.00000000 63.94744112 5
28.00000000 95.53589838 45
24.00000000 84.60769515 61
13.00000000 61.94744112 31
-11.00000000 19.94744112 34
32.00000000 93.53589838 10
19.00000000 13.94744112 54
7.00000000 59.94744112 5
17.00000000 19.94744112 58
-9.00000000 23.94744112 34
15.00000000 45.94744112 77
-17.00000000 47.94744112 66
39.00000000 97.26794919 7
-41.00000000 55.94744112 35
11.00000000 53.94744112 70
11.00000000 39.94744112 51
-42.00000000 99.00000000 32
-41.00000000 65.94744112 16
31.00000000 45.94744112 23
19.00000000 37.94744112 34
-28.00000000 75.67949192 46
12.00000000 99.00000000 34
7.00000000 61.94744112 5
3.00000000 45.94744112 51
-31.00000000 47.94744112 66
-1.00000000 29.94744112 47
-48.00000000 90.07179677 32
-47.00000000 47.94744112 11
-7.00000000 29.94744112 34
-37.00000000 55.94744112 21
-39.00000000 71.94744112 9
34.00000000 86.60769515 69
-43.00000000 65.94744112 16
14.00000000 99.00000000 34
25.00000000 63.94744112 4
-19.00000000 67.94744112 55
14.00000000 93.53589838 34
-9.00000000 88.33974596 1
-44.00000000 95.53589838 32
29.00000000 33.94744112 62
-23.00000000 73.94744112 34
-49.00000000 31.94744112 46
7.00000000 55.94744112 51
3.00000000 91.80384758 38
39.00000000 63.94744112 66
18.00000000 95.53589838 34
33.00000000 39.94744112 36
-19.00000000 59.94744112 81
-5.00000000 25.94744112 34
25.00000000 57.94744112 3
-43.00000000 63.94744112 16
41.00000000 17.94744112 25
-3.00000000 71.94744112 63
-49.00000000 19.94744112 59
-31.00000000 53.94744112 55
-31.00000000 82.87564435 46
-38.00000000 90.07179677 82
-26.00000000 86.60769515 12
20.00000000 75.67949192 61
45.00000000 82.87564435 10
9.00000000 88.33974596 38
39.00000000 49.94744112 27
11.00000000 11.94744112 9
7.00000000 47.94744112 51
-33.00000000 55.94744112 21
-41.00000000 91.80384758 32
-43.00000000 43.94744112 51
49.00000000 17.94744112 6
-47.00000000 80.87564435 23
1.00000000 65.94744112 54
23.00000000 91.80384758 34
18.00000000 93.53589838 34
26.00000000 95.53589838 45
-15.00000000 39.94744112 77
-39.00000000 23.94744112 4
-49.00000000 67.94744112 16
-7.00000000 73.94744112 7
-7.00000000 43.94744112 75
25.00000000 88.33974596 3
-22.00000000 93.53589838 20
2.00000000 90.07179677 38
32.00000000 86.60769515 69
-49.00000000 35.94744112 46
14.00000000 86.60769515 55
-34.00000000 99.00000000 32
31.00000000 49.94744112 23
9.00000000 33.94744112 36
-5.00000000 11.94744112 20
31.00000000 21.94744112 63
-39.00000000 82.87564435 46
3.00000000 88.33974596 38
-21.00000000 17.94744112 72
-15.00000000 15.94744112 55
1.00000000 23.94744112 34
-37.00000000 9.94744112 33
9.00000000 51.94744112 51
-27.00000000 25.94744112 70
-13.00000000 82.87564435 1
47.00000000 59.94744112 8
49.00000000 91.80384758 31
-40.00000000 84.60769515 46
37.00000000 39.94744112 42
-45.00000000 21.94744112 59
-35.00000000 77.41154273 55
-35.00000000 21.94744112 48
-33.00000000 71.94744112 55
-33.00000000 45.94744112 66
-8.00000000 84.60769515 1
49.00000000 43.94744112 4
-25.00000000 88.33974596 12
31.00000000 57.94744112 3
21.00000000 82.87564435 70
37.00000000 11.94744112 30
35.00000000 63.94744112 3
33.00000000 63.94744112 3
45.00000000 63.94744112 66
11.00000000 67.94744112 77
-3.00000000 23.94744112 34
45.00000000 17.94744112 54
-1.00000000 33.94744112 75
-37.00000000 53.94744112 21
41.00000000 19.94744112 25
34.00000000 99.00000000 58
-41.00000000 97.26794919 32
-23.00000000 80.87564435 21
-9.00000000 25.94744112 34
-5.00000000 49.94744112 75
-45.00000000 37.94744112 76
-5.00000000 97.26794919 24
1.00000000 80.87564435 11
-43.00000000 57.94744112 35
-33.00000000 73.94744112 55
11.00000000 33.94744112 36
5.00000000 35.94744112 52
31.00000000 47.94744112 23
-29.00000000 47.94744112 66
-37.00000000 71.94744112 9
11.00000000 88.33974596 34
-47.00000000 65.94744112 16
-35.00000000 43.94744112 66
-43.00000000 51.94744112 51
-21.00000000 31.94744112 33
37.00000000 29.94744112 7
-35.00000000 51.94744112 3
41.00000000 25.94744112 2
5.00000000 21.94744112 34
-1.00000000 43.94744112 75
8.00000000 79.14359354 45
-35.00000000 69.94744112 63
-34.00000000 86.60769515 46
20.00000000 99.00000000 11
43.00000000 57.94744112 12
2.00000000 93.53589838 38
-27.00000000 33.94744112 33
-3.00000000 88.33974596 70
25.00000000 82.87564435 61
-17.00000000 23.94744112 34
-6.00000000 75.67949192 7
7.00000000 43.94744112 51
-43.00000000 33.94744112 77
22.00000000 99.00000000 11
37.00000000 31.94744112 7
41.00000000 80.87564435 79
25.00000000 80.87564435 61
17.00000000 65.94744112 31
15.00000000 91.80384758 34
-9.00000000 82.87564435 1
3.00000000 37.94744112 75
-1.00000000 35.94744112 75
13.00000000 53.94744112 70
32.00000000 75.67949192 71
33.00000000 11.94744112 62
43.00000000 27.94744112 2
-2.00000000 93.53589838 24
-33.00000000 25.94744112 24
-35.00000000 31.94744112 13
13.00000000 27.94744112 58
39.00000000 82.87564435 69
37.00000000 69.94744112 55
-27.00000000 73.94744112 46
21.00000000 11.94744112 54
-3.00000000 41.94744112 75
-12.00000000 75.67949192 7
-43.00000000 91.80384758 32
-27.00000000 49.94744112 10
-37.00000000 19.94744112 36
-25.00000000 43.94744112 66
-16.00000000 95.53589838 33
25.00000000 25.94744112 7
17.00000000 69.94744112 84
19.00000000 17.94744112 54
25.00000000 61.94744112 4
-7.00000000 39.94744112 2
-1.00000000 25.94744112 34
-7.00000000 69.94744112 74
20.00000000 95.53589838 34
29.00000000 57.94744112 3
23.00000000 59.94744112 4
7.00000000 15.94744112 34
31.00000000 88.33974596 69
-12.00000000 86.60769515 1
-25.00000000 33.94744112 33
47.00000000 97.26794919 7
-43.00000000 27.94744112 19
-47.00000000 91.80384758 32
5.00000000 19.94744112 34
1.00000000 67.94744112 54
25.00000000 43.94744112 49
-19.00000000 61.94744112 81
-41.00000000 33.94744112 77
-17.00000000 73.94744112 60
-21.00000000 63.94744112 55
-15.00000000 43.94744112 77
35.00000000 49.94744112 18
11.00000000 27.94744112 58
5.00000000 51.94744112 51
1.00000000 35.94744112 75
33.00000000 73.94744112 71
17.00000000 37.94744112 34
-28.00000000 99.00000000 32
26.00000000 75.67949192 61
-21.00000000 51.94744112 66
-37.00000000 67.94744112 23
13.00000000 23.94744112 58
-23.00000000 17.94744112 72
41.00000000 61.94744112 66
37.00000000 82.87564435 69
3.00000000 73.94744112 42
37.00000000 43.94744112 42
-47.00000000 17.94744112 83
-11.00000000 27.94744112 34
49.00000000 77.41154273 24
-7.00000000 47.94744112 75
41.00000000 63.94744112 66
-40.00000000 99.00000000 32
38.00000000 79.14359354 57
25.00000000 21.94744112 7
-39.00000000 39.94744112 66
8.00000000 99.00000000 33
17.00000000 35.94744112 34
11.00000000 63.94744112 31
-31.00000000 97.26794919 32
15.00000000 25.94744112 58
-13.00000000 91.80384758 1
-6.00000000 99.00000000 24
-12.00000000 84.60769515 1
-33.00000000 41.94744112 66
-27.00000000 13.94744112 26
-49.00000000 37.94744112 46
-41.00000000 77.41154273 23
-11.00000000 80.87564435 1
33.00000000 69.94744112 71
-39.00000000 41.94744112 66
37.00000000 67.94744112 55
-33.00000000 29.94744112 24
-19.00000000 91.80384758 1
3.00000000 31.94744112 53
-27.00000000 67.94744112 3
-20.00000000 84.60769515 46
43.00000000 21.94744112 2
-5.00000000 41.94744112 75
-7.00000000 67.94744112 74
-43.00000000 97.26794919 32
-21.00000000 80.87564435 21
3.00000000 49.94744112 51
43.00000000 49.94744112 27
17.00000000 21.94744112 58
46.00000000 93.53589838 31
-38.00000000 99.00000000 32
-9.00000000 53.94744112 5
16.00000000 93.53589838 34
-29.00000000 45.94744112 66
17.00000000 39.94744112 34
-27.00000000 88.33974596 12
19.00000000 15.94744112 54
-29.00000000 17.94744112 26
-5.00000000 51.94744112 75
17.00000000 23.94744112 58
-13.00000000 80.87564435 1
-9.00000000 61.94744112 7
-17.00000000 27.94744112 34
-47.00000000 35.94744112 46
-31.00000000 13.94744112 26
46.00000000 84.60769515 10
27.00000000 17.94744112 7
-12.00000000 90.07179677 1
-21.00000000 9.94744112 55
12.00000000 75.67949192 77
41.00000000 31.94744112 49
7.00000000 29.94744112 34
-5.00000000 47.94744112 75
-49.00000000 77.41154273 23
-21.00000000 53.94744112 66
-10.00000000 93.53589838 61
30.00000000 90.07179677 69
27.00000000 57.94744112 3
31.00000000 59.94744112 3
-19.00000000 43.94744112 66
-44.00000000 79.14359354 23
33.00000000 61.94744112 3
35.00000000 97.26794919 58
-36.00000000 95.53589838 32
-23.00000000 39.94744112 33
35.00000000 37.94744112 68
-21.00000000 27.94744112 49
-27.00000000 19.94744112 5
21.00000000 19.94744112 27
-39.00000000 15.94744112 33
1.00000000 31.94744112 53
-29.00000000 80.87564435 46
44.00000000 99.00000000 7
-27.00000000 57.94744112 55
-39.00000000 17.94744112 33
-1.00000000 19.94744112 34
8.00000000 93.53589838 33
-21.00000000 35.94744112 29
-49.00000000 33.94744112 46
3.00000000 51.94744112 51
19.00000000 39.94744112 34
27.00000000 13.94744112 56
-10.00000000 95.53589838 61
-7.00000000 57.94744112 5
-27.00000000 35.94744112 33
10.00000000 86.60769515 34
34.00000000 90.07179677 69
21.00000000 35.94744112 34
33.00000000 88.33974596 69
-15.00000000 35.94744112 77
-29.00000000 53.94744112 55
-35.00000000 73.94744112 55
40.00000000 90.07179677 78
5.00000000 23.94744112 34
-27.00000000 45.94744112 66
-46.00000000 95.53589838 32
25.00000000 39.94744112 34
-31.00000000 71.94744112 55
10.00000000 75.67949192 77
-7.00000000 55.94744112 5
-24.00000000 93.53589838 20
-27.00000000 77.41154273 46
35.00000000 13.94744112 26
19.00000000 11.94744112 54
25.00000000 29.94744112 34
-45.00000000 69.94744112 16
-5.00000000 91.80384758 24
-36.00000000 99.00000000 32
27.00000000 65.94744112 4
5.00000000 31.94744112 53
34.00000000 79.14359354 47
9.00000000 73.94744112 77
-11.00000000 53.94744112 5
-36.00000000 75.67949192 55
-31.00000000 45.94744112 66
23.00000000 53.94744112 80
-11.00000000 61.94744112 7
15.00000000 37.94744112 34
7.00000000 39.94744112 51
21.00000000 33.94744112 34
43.00000000 11.94744112 10
-15.00000000 97.26794919 33
-11.00000000 88.33974596 1
7.00000000 11.94744112 55
5.00000000 97.26794919 33
-43.00000000 39.94744112 66
-41.00000000 51.94744112 51
-31.00000000 15.94744112 26
-27.00000000 37.94744112 33
-13.00000000 25.94744112 6
-3.00000000 61.94744112 71
-44.00000000 75.67949192 23
-2.00000000 95.53589838 24
36.00000000 84.60769515 69
15.00000000 47.94744112 77
-41.00000000 63.94744112 16
-37.00000000 29.94744112 81
-21.00000000 88.33974596 1
-1.00000000 77.41154273 45
38.00000000 84.60769515 69
21.00000000 91.80384758 34
1.00000000 11.94744112 84
-41.00000000 37.94744112 66
39.00000000 77.41154273 57
-33.00000000 27.94744112 24
-46.00000000 75.67949192 23
-47.00000000 51.94744112 51
45.00000000 19.94744112 54
-17.00000000 21.94744112 34
-23.00000000 37.94744112 33
-17.00000000 29.94744112 34
-24.00000000 90.07179677 12
-20.00000000 90.07179677 1
49.00000000 47.94744112 38
41.00000000 49.94744112 27
-43.00000000 15.94744112 83
-19.00000000 33.94744112 29
-19.00000000 37.94744112 29
20.00000000 79.14359354 74
1.00000000 47.94744112 51
-23.00000000 23.94744112 34
-37.00000000 61.94744112 21
5.00000000 57.94744112 51
-35.00000000 55.94744112 21
23.00000000 21.94744112 7
13.00000000 41.94744112 24
-17.00000000 88.33974596 1
47.00000000 71.94744112 1
39.00000000 91.80384758 78
-47.00000000 9.94744112 83
7.00000000 71.94744112 77
-37.00000000 35.94744112 51
-15.00000000 55.94744112 27
-13.00000000 35.94744112 77
-41.00000000 88.33974596 32
27.00000000 55.94744112 3
35.00000000 23.94744112 2
-19.00000000 51.94744112 66
-29.00000000 77.41154273 46
30.00000000 84.60769515 69
-46.00000000 99.00000000 32
-40.00000000 75.67949192 23
-47.00000000 57.94744112 16
39.00000000 37.94744112 42
-13.00000000 21.94744112 34
49.00000000 27.94744112 4
15.00000000 13.94744112 51
-37.00000000 82.87564435 46
7.00000000 19.94744112 34
43.00000000 47.94744112 27
21.00000000 61.94744112 4
43.00000000 82.87564435 10
46.00000000 99.00000000 7
43.00000000 23.94744112 2
39.00000000 11.94744112 30
-23.00000000 31.94744112 33
-21.00000000 69.94744112 58
-47.00000000 67.94744112 16
32.00000000 84.60769515 69
36.00000000 86.60769515 69
9.00000000 49.94744112 51
-47.00000000 33.94744112 46
31.00000000 15.94744112 50
31.00000000 37.94744112 9
29.00000000 63.94744112 4
-13.00000000 29.94744112 8
41.00000000 51.94744112 27
37.00000000 17.94744112 76
-31.00000000 11.94744112 26
18.00000000 99.00000000 11
1.00000000 71.94744112 42
27.00000000 41.94744112 77
9.00000000 39.94744112 51
47.00000000 27.94744112 4
-1.00000000 39.94744112 75
-11.00000000 59.94744112 7
49.00000000 9.94744112 79
25.00000000 73.94744112 61
-41.00000000 39.94744112 66
-29.00000000 69.94744112 71
-48.00000000 75.67949192 23
-13.00000000 45.94744112 38
15.00000000 23.94744112 58
-34.00000000 75.67949192 55
-29.00000000 59.94744112 55
-3.00000000 47.94744112 75
-31.00000000 35.94744112 72
43.00000000 53.94744112 27
-45.00000000 15.94744112 83
9.00000000 69.94744112 77
15.00000000 73.94744112 84
49.00000000 41.94744112 4
-13.00000000 11.94744112 55
45.00000000 37.94744112 45
3.00000000 23.94744112 34
47.00000000 61.94744112 8
5.00000000 91.80384758 38
-19.00000000 23.94744112 34
33.00000000 57.94744112 3
-31.00000000 19.94744112 17
-43.00000000 45.94744112 51
17.00000000 71.94744112 84
-45.00000000 49.94744112 51
-7.00000000 59.94744112 5
-9.00000000 31.94744112 34
2.00000000 84.60769515 38
-23.00000000 63.94744112 55
-41.00000000 73.94744112 23
7.00000000 37.94744112 51
25.00000000 19.94744112 7
-22.00000000 86.60769515 1
35.00000000 21.94744112 2
-30.00000000 86.60769515 46
-9.00000000 57.94744112 5
-25.00000000 61.94744112 55
29.00000000 23.94744112 7
-32.00000000 93.53589838 32
-35.00000000 33.94744112 13
33.00000000 43.94744112 14
4.00000000 86.60769515 38
-43.00000000 49.94744112 51
-29.00000000 61.94744112 55
-46.00000000 86.60769515 32
-1.00000000 57.94744112 71
-7.00000000 17.94744112 34
-11.00000000 51.94744112 5
1.00000000 39.94744112 75
-17.00000000 13.94744112 55
31.00000000 73.94744112 71
34.00000000 75.67949192 71
-37.00000000 65.94744112 23
-47.00000000 41.94744112 48
-27.00000000 39.94744112 33
21.00000000 31.94744112 34
42.00000000 86.60769515 6
49.00000000 63.94744112 8
35.00000000 27.94744112 7
37.00000000 41.94744112 42
-39.00000000 47.94744112 51
-9.00000000 27.94744112 34
-46.00000000 93.53589838 32
-39.00000000 61.94744112 21
35.00000000 55.94744112 3
-23.00000000 15.94744112 72
39.00000000 39.94744112 42
27.00000000 63.94744112 4
25.00000000 37.94744112 34
7.00000000 9.94744112 55
-3.00000000 55.94744112 75
13.00000000 91.80384758 34
-42.00000000 90.07179677 32
-35.00000000 61.94744112 21
-3.00000000 82.87564435 55
49.00000000 67.94744112 25
13.00000000 77.41154273 77
-42.00000000 79.14359354 23
-25.00000000 21.94744112 60
-1.00000000 49.94744112 20
11.00000000 45.94744112 63
-42.00000000 86.60769515 32
-33.00000000 37.94744112 11
45.00000000 9.94744112 29
33.00000000 17.94744112 50
-2.00000000 75.67949192 45
-8.00000000 75.67949192 7
-30.00000000 99.00000000 32
17.00000000 59.94744112 4
-3.00000000 53.94744112 75
-3.00000000 51.94744112 75
-37.00000000 77.41154273 55
-13.00000000 13.94744112 55
-11.00000000 69.94744112 84
-29.00000000 51.94744112 55
49.00000000 59.94744112 8
49.00000000 31.94744112 6
-3.00000000 63.94744112 71
-18.00000000 90.07179677 1
-15.00000000 31.94744112 8
-45.00000000 63.94744112 16
-1.00000000 91.80384758 24
-33.00000000 57.94744112 21
-13.00000000 97.26794919 33
49.00000000 51.94744112 74
23.00000000 37.94744112 34
-35.00000000 17.94744112 26
-25.00000000 45.94744112 66
39.00000000 27.94744112 2
33.00000000 31.94744112 7
-17.00000000 39.94744112 77
31.00000000 53.94744112 60
-28.00000000 93.53589838 12
-8.00000000 79.14359354 7
43.00000000 31.94744112 49
-33.00000000 15.94744112 26
-27.00000000 31.94744112 33
-48.00000000 84.60769515 32
7.00000000 23.94744112 34
41.00000000 73.94744112 43
-41.00000000 49.94744112 51
5.00000000 71.94744112 77
39.00000000 73.94744112 43
19.00000000 45.94744112 77
35.00000000 80.87564435 47
-35.00000000 57.94744112 21
-13.00000000 37.94744112 77
-33.00000000 33.94744112 13
-19.00000000 49.94744112 66
-5.00000000 43.94744112 75
-27.00000000 63.94744112 55
-45.00000000 41.94744112 48
-30.00000000 84.60769515 46
-7.00000000 27.94744112 34
-35.00000000 59.94744112 21
43.00000000 63.94744112 66
-25.00000000 77.41154273 46
-7.00000000 77.41154273 7
-31.00000000 39.94744112 66
25.00000000 97.26794919 45
45.00000000 59.94744112 8
9.00000000 71.94744112 77
11.00000000 57.94744112 5
39.00000000 25.94744112 2
31.00000000 25.94744112 7
33.00000000 97.26794919 58
5.00000000 41.94744112 51
-25.00000000 51.94744112 68
-45.00000000 61.94744112 16
27.00000000 59.94744112 3
-17.00000000 9.94744112 55
-33.00000000 9.94744112 13
47.00000000 11.94744112 79
23.00000000 45.94744112 77
3.00000000 21.94744112 34
26.00000000 99.00000000 45
21.00000000 41.94744112 77
11.00000000 13.94744112 9
19.00000000 27.94744112 28
1.00000000 17.94744112 34
-28.00000000 84.60769515 46
43.00000000 65.94744112 66
46.00000000 86.60769515 10
25.00000000 31.94744112 34
-37.00000000 23.94744112 4
49.00000000 11.94744112 79
-46.00000000 79.14359354 23
29.00000000 11.94744112 62
-28.00000000 79.14359354 46
-15.00000000 37.94744112 77
21.00000000 71.94744112 81
26.00000000 86.60769515 3
-38.00000000 84.60769515 46
9.00000000 97.26794919 33
-15.00000000 19.94744112 34
45.00000000 41.94744112 71
-46.00000000 90.07179677 32
21.00000000 25.94744112 52
-21.00000000 57.94744112 10
-21.00000000 97.26794919 75
44.00000000 90.07179677 31
-35.00000000 15.94744112 26
-16.00000000 86.60769515 1
47.00000000 67.94744112 25
-37.00000000 41.94744112 66
1.00000000 37.94744112 75
31.00000000 11.94744112 62
17.00000000 77.41154273 84
5.00000000 25.94744112 34
-31.00000000 23.94744112 56
-37.00000000 25.94744112 4
-43.00000000 80.87564435 23
-39.00000000 27.94744112 81
29.00000000 49.94744112 23
-35.00000000 91.80384758 36
7.00000000 51.94744112 51
49.00000000 37.94744112 40
4.00000000 75.67949192 42
-11.00000000 15.94744112 44
23.00000000 47.94744112 77
-14.00000000 79.14359354 1
-21.00000000 11.94744112 55
35.00000000 47.94744112 18
-29.00000000 82.87564435 46
-11.00000000 21.94744112 34
-5.00000000 63.94744112 71
-43.00000000 47.94744112 51
-1.00000000 15.94744112 68
10.00000000 90.07179677 34
-29.00000000 33.94744112 33
-29.00000000 11.94744112 26
7.00000000 17.94744112 34
-23.00000000 82.87564435 21
21.00000000 43.94744112 77
25.00000000 67.94744112 59
-15.00000000 69.94744112 60
-7.00000000 53.94744112 5
8.00000000 75.67949192 77
-27.00000000 91.80384758 12
-25.00000000 13.94744112 26
-1.00000000 59.94744112 71
-7.00000000 97.26794919 24
19.00000000 49.94744112 67
35.00000000 88.33974596 69
-23.00000000 19.94744112 72
22.00000000 95.53589838 34
43.00000000 77.41154273 3
3.00000000 67.94744112 54
3.00000000 80.87564435 11
41.00000000 97.26794919 7
-45.00000000 88.33974596 32
6.00000000 99.00000000 33
-39.00000000 29.94744112 81
21.00000000 37.94744112 34
-13.00000000 88.33974596 1
14.00000000 84.60769515 55
22.00000000 75.67949192 61
19.00000000 23.94744112 58
2.00000000 99.00000000 5
-44.00000000 86.60769515 32
-2.00000000 84.60769515 55
-19.00000000 65.94744112 55
39.00000000 9.94744112 30
13.00000000 57.94744112 5
-3.00000000 25.94744112 34
35.00000000 61.94744112 3
21.00000000 29.94744112 34
-7.00000000 63.94744112 71
41.00000000 35.94744112 42
-49.00000000 57.94744112 16
21.00000000 47.94744112 77
29.00000000 29.94744112 19
-22.00000000 75.67949192 34
13.00000000 25.94744112 58
-45.00000000 11.94744112 83
9.00000000 67.94744112 77
3.00000000 25.94744112 34
17.00000000 25.94744112 58
-1.00000000 82.87564435 55
49.00000000 61.94744112 8
15.00000000 35.94744112 34
-41.00000000 45.94744112 51
-45.00000000 67.94744112 16
49.00000000 25.94744112 4
-32.00000000 86.60769515 46
-3.00000000 59.94744112 71
-37.00000000 13.94744112 33
-31.00000000 59.94744112 55
-19.00000000 11.94744112 55
12.00000000 93.53589838 34
9.00000000 25.94744112 24
-4.00000000 95.53589838 24
13.00000000 11.94744112 9
-17.00000000 69.94744112 60
-36.00000000 79.14359354 55
21.00000000 57.94744112 80
31.00000000 82.87564435 69
47.00000000 31.94744112 6
3.00000000 17.94744112 34
-35.00000000 65.94744112 23
-13.00000000 17.94744112 34
1.00000000 73.94744112 42
41.00000000 55.94744112 27
-41.00000000 47.94744112 51
33.00000000 71.94744112 71
-9.00000000 13.94744112 23
-15.00000000 41.94744112 77
-5.00000000 71.94744112 63
-1.00000000 21.94744112 34
39.00000000 23.94744112 2
-43.00000000 67.94744112 16
-19.00000000 17.94744112 72
39.00000000 33.94744112 48
-49.00000000 91.80384758 32
-29.00000000 41.94744112 66
-24.00000000 84.60769515 21
-43.00000000 73.94744112 23
23.00000000 13.94744112 54
3.00000000 61.94744112 5
-39.00000000 51.94744112 51
35.00000000 31.94744112 7
45.00000000 13.94744112 76
-17.00000000 49.94744112 66
41.00000000 53.94744112 27
-17.00000000 11.94744112 55
13.00000000 63.94744112 31
-9.00000000 77.41154273 7
27.00000000 71.94744112 70
-5.00000000 45.94744112 75
-5.00000000 82.87564435 55
29.00000000 25.94744112 7
7.00000000 63.94744112 5
-33.00000000 97.26794919 32
41.00000000 37.94744112 42
-27.00000000 55.94744112 55
-45.00000000 17.94744112 83
7.00000000 53.94744112 51
7.00000000 88.33974596 38
-49.00000000 63.94744112 26
1.00000000 13.94744112 84
-27.00000000 59.94744112 55
-39.00000000 13.94744112 33
-30.00000000 79.14359354 46
45.00000000 53.94744112 27
43.00000000 43.94744112 27
1.00000000 21.94744112 34
33.00000000 29.94744112 7
17.00000000 45.94744112 77
41.00000000 27.94744112 2
5.00000000 39.94744112 51
-10.00000000 90.07179677 1
-15.00000000 27.94744112 34
21.00000000 63.94744112 4
-27.00000000 11.94744112 26
3.00000000 47.94744112 51
-28.00000000 90.07179677 12
6.00000000 90.07179677 38
-45.00000000 23.94744112 59
31.00000000 61.94744112 3
-31.00000000 91.80384758 32
30.00000000 79.14359354 71
-25.00000000 39.94744112 33
-41.00000000 57.94744112 35
-27.00000000 23.94744112 70
-5.00000000 61.94744112 71
-29.00000000 25.94744112 70
37.00000000 77.41154273 57
-34.00000000 84.60769515 46
-15.00000000 88.33974596 1
7.00000000 27.94744112 34
39.00000000 57.94744112 22
-27.00000000 53.94744112 55
44.00000000 93.53589838 31
21.00000000 55.94744112 80
-6.00000000 95.53589838 24
-47.00000000 59.94744112 16
-45.00000000 77.41154273 23
-38.00000000 93.53589838 40
11.00000000 69.94744112 77
-23.00000000 61.94744112 55
-48.00000000 99.00000000 32
7.00000000 45.94744112 51
-18.00000000 93.53589838 1
5.00000000 65.94744112 5
48.00000000 99.00000000 7
-15.00000000 61.94744112 36
-47.00000000 21.94744112 59
-33.00000000 21.94744112 48
23.00000000 61.94744112 4
-45.00000000 59.94744112 16
17.00000000 29.94744112 77
-20.00000000 99.00000000 75
-9.00000000 35.94744112 34
-15.00000000 21.94744112 34
13.00000000 97.26794919 34
-8.00000000 86.60769515 1
-9.00000000 33.94744112 34
25.00000000 17.94744112 7
47.00000000 91.80384758 31
4.00000000 84.60769515 38
-21.00000000 21.94744112 34
15.00000000 63.94744112 31
-43.00000000 53.94744112 51
45.00000000 71.94744112 1
23.00000000 55.94744112 80
28.00000000 93.53589838 45
-21.00000000 23.94744112 34
4.00000000 90.07179677 38
3.00000000 63.94744112 5
11.00000000 17.94744112 9
-9.00000000 19.94744112 34
1.00000000 25.94744112 34
-21.00000000 71.94744112 58
7.00000000 21.94744112 34
-21.00000000 45.94744112 20
-17.00000000 33.94744112 29
31.00000000 27.94744112 7
-10.00000000 75.67949192 7
-49.00000000 61.94744112 26
17.00000000 73.94744112 84
-9.00000000 67.94744112 74
-45.00000000 51.94744112 51
20.00000000 86.60769515 54
-26.00000000 95.53589838 20
27.00000000 23.94744112 7
29.00000000 71.94744112 70
23.00000000 63.94744112 4
26.00000000 79.14359354 61
-1.00000000 61.94744112 71
43.00000000 45.94744112 27
-3.00000000 11.94744112 20
23.00000000 77.41154273 61
28.00000000 75.67949192 61
29.00000000 88.33974596 69
-19.00000000 97.26794919 75
37.00000000 23.94744112 2
-27.00000000 43.94744112 66
16.00000000 95.53589838 34
33.00000000 53.94744112 60
3.00000000 77.41154273 42
3.00000000 43.94744112 51
-37.00000000 97.26794919 32
-3.00000000 9.94744112 20
7.00000000 49.94744112 51
49.00000000 71.94744112 1
-14.00000000 86.60769515 1
-13.00000000 19.94744112 34
39.00000000 61.94744112 66
-13.00000000 63.94744112 16
-31.00000000 67.94744112 7
47.00000000 65.94744112 25
31.00000000 67.94744112 58
37.00000000 9.94744112 30
9.00000000 21.94744112 34
-13.00000000 55.94744112 27
19.00000000 63.94744112 4
25.00000000 9.94744112 24
12.00000000 90.07179677 34
35.00000000 57.94744112 3
-41.00000000 41.94744112 66
39.00000000 19.94744112 25
-45.00000000 65.94744112 16
15.00000000 65.94744112 31
11.00000000 15.94744112 9
5.00000000 55.94744112 51
-31.00000000 41.94744112 66
19.00000000 57.94744112 80
3.00000000 41.94744112 51
29.00000000 17.94744112 7
13.00000000 31.94744112 78
5.00000000 17.94744112 34
27.00000000 45.94744112 3
25.00000000 77.41154273 61
23.00000000 65.94744112 4
32.00000000 99.00000000 58
43.00000000 25.94744112 2
25.00000000 33.94744112 34
48.00000000 90.07179677 31
33.00000000 15.94744112 50
-35.00000000 41.94744112 66
21.00000000 9.94744112 54
-15.00000000 13.94744112 55
-24.00000000 95.53589838 20
39.00000000 47.94744112 27
-47.00000000 15.94744112 83
29.00000000 35.94744112 62
6.00000000 84.60769515 38
-17.00000000 71.94744112 60
-9.00000000 29.94744112 34
31.00000000 77.41154273 71
-16.00000000 79.14359354 1
-21.00000000 65.94744112 55
-7.00000000 91.80384758 24
-27.00000000 61.94744112 55
-48.00000000 95.53589838 32
-17.00000000 25.94744112 34
25.00000000 35.94744112 34
35.00000000 51.94744112 18
12.00000000 95.53589838 34
15.00000000 53.94744112 70
17.00000000 80.87564435 3
47.00000000 39.94744112 48
11.00000000 35.94744112 36
-37.00000000 11.94744112 33
27.00000000 31.94744112 34
-43.00000000 61.94744112 16
-45.00000000 29.94744112 7
-39.00000000 37.94744112 66
-31.00000000 43.94744112 66
-1.00000000 41.94744112 75
47.00000000 55.94744112 58
26.00000000 90.07179677 3
13.00000000 17.94744112 9
33.00000000 27.94744112 7
-35.00000000 88.33974596 46
30.00000000 86.60769515 69
1.00000000 27.94744112 34
23.00000000 11.94744112 54
5.00000000 27.94744112 34
13.00000000 82.87564435 55
-32.00000000 79.14359354 46
-45.00000000 13.94744112 83
-27.00000000 15.94744112 26
-9.00000000 11.94744112 23
41.00000000 67.94744112 77
16.00000000 86.60769515 55
13.00000000 47.94744112 77
39.00000000 45.94744112 27
49.00000000 13.94744112 79
-23.00000000 9.94744112 55
43.00000000 91.80384758 31
-6.00000000 90.07179677 24
47.00000000 47.94744112 38
25.00000000 23.94744112 7
-12.00000000 99.00000000 33
-35.00000000 82.87564435 46
35.00000000 71.94744112 71
29.00000000 53.94744112 60
-49.00000000 21.94744112 59
-47.00000000 11.94744112 83
22.00000000 93.53589838 34
-17.00000000 41.94744112 77
-13.00000000 31.94744112 8
46.00000000 79.14359354 7
1000
165.60 13
169.20 83
45.00 9
97.20 20
145.80 55
88.20 84
99.00 5
136.80 72
82.80 34
124.20 23
79.20 53
3.60 19
48.60 55
158.40 26
158.40 33
138.60 60
171.00 43
167.40 13
90.00 68
140.40 60
115.20 34
5.40 19
34.20 54
79.20 52
111.60 34
131.40 33
169.20 43
171.00 43
124.20 44
138.60 70
57.60 58
91.80 68
88.20 47
115.20 6
99.00 5
172.80 78
32.40 7
162.00 72
79.20 52
172.80 78
120.60 44
18.00 24
104.40 5
68.40 24
68.40 24
72.00 36
14.40 24
73.80 51
82.80 75
23.40 62
158.40 59
153.00 36
28.80 56
133.20 13
50.40 52
165.60 67
117.00 6
153.00 36
172.80 78
30.60 56
19.80 26
104.40 27
9.00 18
142.20 5
151.20 26
66.60 78
82.80 5
131.40 72
95.40 37
72.00 24
59.40 77
106.20 77
12.60 30
117.00 8
27.00 50
48.60 52
145.80 5
169.20 31
37.80 51
59.40 77
176.40 41
142.20 56
72.00 24
66.60 78
127.80 49
154.80 71
21.60 26
172.80 35
90.00 47
163.80 67
118.80 29
30.60 2
9.00 18
16.20 10
120.60 66
7.20 18
70.20 34
113.40 66
106.20 27
39.60 51
111.60 66
176.40 41
10.80 29
171.00 35
138.60 24
79.20 70
50.40 62
10.80 29
156.60 71
88.20 54
169.20 35
154.80 71
72.00 77
41.40 27
129.60 49
165.60 67
90.00 20
18.00 10
19.80 54
117.00 10
149.40 26
9.00 30
28.80 25
55.80 28
14.40 79
5.40 19
32.40 63
75.60 63
27.00 76
14.40 13
129.60 72
167.40 31
7.20 34
10.80 30
45.00 27
54.00 28
109.80 66
172.80 46
169.20 31
169.20 74
108.00 38
165.60 23
151.20 18
133.20 1
97.20 37
104.40 23
34.20 63
151.20 18
73.80 63
27.00 76
43.20 19
118.80 10
149.40 17
82.80 77
97.20 37
158.40 30
1.80 48
37.80 49
41.40 19
167.40 74
12.60 30
153.00 18
27.00 4
108.00 38
36.00 6
37.80 40
32.40 16
147.60 17
57.60 77
144.00 56
131.40 11
5.40 34
45.00 42
91.80 20
117.00 68
27.00 40
70.20 67
108.00 81
43.20 48
43.20 48
73.80 4
156.60 30
115.20 20
9.00 34
61.20 49
34.20 16
126.00 51
149.40 48
169.20 74
75.60 5
117.00 20
171.00 46
169.20 46
178.20 41
138.60 77
158.40 30
57.60 77
70.20 67
129.60 11
109.80 10
34.20 16
144.00 4
68.40 80
1.80 48
1.80 48
72.00 4
100.80 2
135.00 1
117.00 68
109.80 10
45.00 27
100.80 2
75.60 31
19.80 6
82.80 45
95.40 5
169.20 56
23.40 49
117.00 55
171.00 56
7.20 34
5.40 77
102.60 63
46.80 68
178.20 54
30.60 78
82.80 45
55.80 23
106.20 23
149.40 22
169.20 56
151.20 51
64.80 3
142.20 81
19.80 6
163.80 23
73.80 4
108.00 23
120.60 21
82.80 34
140.40 76
136.80 1
28.80 40
23.40 49
81.00 55
167.40 5
120.60 23
97.20 7
162.00 23
169.20 5
106.20 27
37.80 40
117.00 63
120.60 16
154.80 19
48.60 9
43.20 71
50.40 9
102.60 63
10.80 45
3.60 77
63.00 49
156.60 19
27.00 40
102.60 63
154.80 19
32.40 29
82.80 78
68.40 26
25.20 49
97.20 71
120.60 23
149.40 22
66.60 58
7.20 85
162.00 72
64.80 12
129.60 6
50.40 36
77.40 84
129.60 6
30.60 78
18.00 76
32.40 78
70.20 59
158.40 26
140.40 76
174.60 82
66.60 58
70.20 59
1.80 77
118.80 9
158.40 26
131.40 28
122.40 3
133.20 11
37.80 53
97.20 74
172.80 82
77.40 45
169.20 5
57.60 79
172.80 82
36.00 76
39.60 45
95.40 63
178.20 54
144.00 46
169.20 60
19.80 76
108.00 58
16.20 13
79.20 3
88.20 42
1.80 11
73.80 81
113.40 7
61.20 3
39.60 45
131.40 28
135.00 51
54.00 14
124.20 40
113.40 7
117.00 63
39.60 48
171.00 60
88.20 11
111.60 3
140.40 45
3.60 11
64.80 12
52.20 36
10.80 45
140.40 45
127.80 35
88.20 38
133.20 51
167.40 60
93.60 7
108.00 34
109.80 46
79.20 3
99.00 84
169.20 60
111.60 3
135.00 78
138.60 48
117.00 32
16.20 13
73.80 81
75.60 61
27.00 72
120.60 3
131.40 28
176.40 54
151.20 22
10.80 45
63.00 3
27.00 72
93.60 55
124.20 40
57.60 79
30.60 29
59.40 79
171.00 33
172.80 33
54.00 14
131.40 64
126.00 40
104.40 36
18.00 84
61.20 60
57.60 18
25.20 72
5.40 11
176.40 22
84.60 33
90.00 45
25.20 58
48.60 68
30.60 29
93.60 24
140.40 45
153.00 51
37.80 48
28.80 32
138.60 61
144.00 2
95.40 1
32.40 25
57.60 85
68.40 26
136.80 80
23.40 27
162.00 72
154.80 51
138.60 61
124.20 43
172.80 33
7.20 85
131.40 64
158.40 26
3.60 25
34.20 25
27.00 58
158.40 35
109.80 32
5.40 85
36.00 25
9.00 46
91.80 70
133.20 11
55.80 22
115.20 55
82.80 78
27.00 58
163.80 41
93.60 77
140.40 61
174.60 22
156.60 35
90.00 69
34.20 39
41.40 71
45.00 38
41.40 4
99.00 84
127.80 26
63.00 55
88.20 5
5.40 25
138.60 38
36.00 39
88.20 5
104.40 36
73.80 3
169.20 64
140.40 73
167.40 64
36.00 39
169.20 64
97.20 61
64.80 12
75.60 74
39.60 53
70.20 70
147.60 19
46.80 74
156.60 35
90.00 69
75.60 74
41.40 53
93.60 77
126.00 28
174.60 22
100.80 16
153.00 69
149.40 19
99.00 16
117.00 41
133.20 15
100.80 60
43.20 75
82.80 78
118.80 32
133.20 15
16.20 84
86.40 58
135.00 78
172.80 46
7.20 25
16.20 84
61.20 43
73.80 45
23.40 27
5.40 85
86.40 58
45.00 13
64.80 71
34.20 13
39.60 79
90.00 69
54.00 12
10.80 46
77.40 45
127.80 39
124.20 43
135.00 78
41.40 14
1.80 77
34.20 13
158.40 10
118.80 32
142.20 2
122.40 78
21.60 27
133.20 15
73.80 58
144.00 10
21.60 36
9.00 46
61.20 3
129.60 6
36.00 13
30.60 32
174.60 46
100.80 75
73.80 74
27.00 32
5.40 85
124.20 43
55.80 22
113.40 48
68.40 26
102.60 46
151.20 69
39.60 79
54.00 12
48.60 24
122.40 78
111.60 71
133.20 39
45.00 13
55.80 66
19.80 7
111.60 71
90.00 67
23.40 36
131.40 64
113.40 48
79.20 11
86.40 58
1.80 77
75.60 70
37.80 76
140.40 2
50.40 58
93.60 77
25.20 36
21.60 7
57.60 85
115.20 19
93.60 32
133.20 39
153.00 69
90.00 67
99.00 33
127.80 39
23.40 7
28.80 32
95.40 4
145.80 7
144.00 7
147.60 63
66.60 47
113.40 48
163.80 41
131.40 73
63.00 57
68.40 69
9.00 73
32.40 55
142.20 10
50.40 58
178.20 66
122.40 78
25.20 77
149.40 63
55.80 25
145.80 63
19.80 48
73.80 74
46.80 74
18.00 48
106.20 21
46.80 16
147.60 63
73.80 74
50.40 8
36.00 56
39.60 76
106.20 12
55.80 1
167.40 13
63.00 79
120.60 49
14.40 27
68.40 7
149.40 23
50.40 54
64.80 6
41.40 79
39.60 14
77.40 45
171.00 44
95.40 4
23.40 77
120.60 49
117.00 41
48.60 24
14.40 27
90.00 67
108.00 46
162.00 41
138.60 38
9.00 73
19.80 48
122.40 46
25.20 77
160.20 10
111.60 36
176.40 46
32.40 55
169.20 44
66.60 78
145.80 63
142.20 10
136.80 38
145.80 63
54.00 1
165.60 13
43.20 79
88.20 61
81.00 28
39.60 14
88.20 61
124.20 84
50.40 54
57.60 85
12.60 27
106.20 20
41.40 79
55.80 69
70.20 10
113.40 82
145.80 84
55.80 69
5.40 85
88.20 61
30.60 55
171.00 44
86.40 48
79.20 29
46.80 16
10.80 73
57.60 77
64.80 6
66.60 61
149.40 23
122.40 46
167.40 13
73.80 55
169.20 74
169.20 74
113.40 82
135.00 41
61.20 3
7.20 84
25.20 57
95.40 4
63.00 79
52.20 56
104.40 57
111.60 36
117.00 41
39.60 79
147.60 23
55.80 69
167.40 74
19.80 73
171.00 74
9.00 84
59.40 26
126.00 28
10.80 84
102.60 46
117.00 65
64.80 31
90.00 39
109.80 3
55.80 21
88.20 41
10.80 15
66.60 61
72.00 85
34.20 58
88.20 41
36.00 56
99.00 19
129.60 44
135.00 41
46.80 16
93.60 32
102.60 18
30.60 52
99.00 19
34.20 56
172.80 74
97.20 40
153.00 27
30.60 52
167.40 4
156.60 40
109.80 3
34.20 58
113.40 81
108.00 46
88.20 41
165.60 44
75.60 70
50.40 54
12.60 58
82.80 11
90.00 39
160.20 10
9.00 15
7.20 15
61.20 10
16.20 29
66.60 61
172.80 74
126.00 28
133.20 39
158.40 40
18.00 29
138.60 73
84.60 16
153.00 27
178.20 66
106.20 78
93.60 32
111.60 40
160.20 40
162.00 10
54.00 1
147.60 38
136.80 73
178.20 66
115.20 19
126.00 79
63.00 53
45.00 13
122.40 46
144.00 84
1.80 77
84.60 16
176.40 63
97.20 40
174.60 63
151.20 27
154.80 75
104.40 57
154.80 75
82.80 11
70.20 10
149.40 63
109.80 3
68.40 73
90.00 39
104.40 57
160.20 10
169.20 4
73.80 55
41.40 48
63.00 53
41.40 48
171.00 4
54.00 1
55.80 21
30.60 52
77.40 54
23.40 57
99.00 19
88.20 8
63.00 53
142.20 84
39.60 48
48.60 24
127.80 39
28.80 46
102.60 18
86.40 48
120.60 49
174.60 63
14.40 58
66.60 47
135.00 41
86.40 48
46.80 55
133.20 19
12.60 58
39.60 85
115.20 19
39.60 85
113.40 81
9.00 83
136.80 80
145.80 38
61.20 69
84.60 16
160.20 10
145.80 38
91.80 70
39.60 85
77.40 54
9.00 83
99.00 11
149.40 63
115.20 36
84.60 57
144.00 42
174.60 15
154.80 75
111.60 40
39.60 46
165.60 44
126.00 79
97.20 40
84.60 57
117.00 65
50.40 2
160.20 6
109.80 8
7.20 83
63.00 72
70.20 48
91.80 7
99.00 11
127.80 72
172.80 15
140.40 72
153.00 70
154.80 70
156.60 70
12.60 43
86.40 41
45.00 68
120.60 52
37.80 85
73.80 55
57.60 77
106.20 78
100.80 76
176.40 15
30.60 46
30.60 46
136.80 80
145.80 7
18.00 29
81.00 28
140.40 72
108.00 46
43.20 75
91.80 7
133.20 19
79.20 29
106.20 78
86.40 41
72.00 85
162.00 6
127.80 72
10.80 43
23.40 57
9.00 43
32.40 58
30.60 63
91.80 7
75.60 29
165.60 44
61.20 69
46.80 55
153.00 36
12.60 7
111.60 60
70.20 48
149.40 63
133.20 19
160.20 6
36.00 61
32.40 16
174.60 15
104.40 81
99.00 11
1.80 42
81.00 28
82.80 11
45.00 68
1.80 42
174.60 53
3.60 42
126.00 79
66.60 47
162.00 14
117.00 65
165.60 62
30.60 63
95.40 20
95.40 20
54.00 46
18.00 73
165.60 62
10.80 68
41.40 46
126.00 70
118.80 23
99.00 2
131.40 73
136.80 51
64.80 30
14.40 7
120.60 52
45.00 68
82.80 68
16.20 7
122.40 62
171.00 70
88.20 8
12.60 68
108.00 54
99.00 2
27.00 25
57.60 24
109.80 8
61.20 69
84.60 57
82.80 68
55.80 21
45.00 66
165.60 62
118.80 23
61.20 18
10.80 68
59.40 26
16.20 73
149.40 43
39.60 85
126.00 70
151.20 36
46.80 55
23.40 34
102.60 18
124.20 84
124.20 84
108.00 54
48.60 30
127.80 72
109.80 8
48.60 30
171.00 70
163.80 14
169.20 70
108.00 54
115.20 36
77.40 32
118.80 23
122.40 62
10.80 78
21.60 34
126.00 70
102.60 79
156.60 14
27.00 25
118.80 40
30.60 63
95.40 20
126.00 4
86.40 41
106.20 84
136.80 51
99.00 2
73.80 72
55.80 4
66.60 47
37.80 79
23.40 34
145.80 7
59.40 26
12.60 78
30.60 16
28.80 25
54.00 46
27.00 30
36.00 61
106.20 84
70.20 48
144.00 7
77.40 32
5.40 51
10.80 78
32.40 16
27.00 30
126.00 4
45.00 66
36.00 61
70.20 67
147.60 43
118.80 40
99.00 25
55.80 4