Divide:1 20 1 10
(7 10 13022269) (10 7 13022269) (2 3 217394434) (3 2 217394434) (3 8 225045590) (8 3 225045590) (6 7 283254485) (7 6 283254485) (6 8 333042360) (8 6 333042360) (4 6 442139372) (6 4 442139372) (2 9 486331361) (9 2 486331361) (4 9 551176338) (9 4 551176338) (8 10 808296330) (10 8 808296330) (4 10 922205209) (10 4 922205209) 
(8 10 1 1 1) (8 10 1 3 2) (8 10 1 3 3) (8 10 1 1 4) (8 10 1 4 5) (3 10 1 2 6) (3 10 1 2 7) (3 10 1 2 8) (4 10 1 2 9) (4 10 1 1 10) 
Divide:1 9 1 4
(7 10 13022269) (10 7 13022269) (2 3 217394434) (3 2 217394434) (3 8 225045590) (8 3 225045590) (6 7 283254485) (7 6 283254485) (6 8 333042360) 
(8 10 1 4 5) (3 10 1 2 6) (3 10 1 2 7) (3 10 1 2 8) 
Divide:1 4 1 3
(7 10 13022269) (10 7 13022269) (2 3 217394434) (3 2 217394434) 
(3 10 1 2 6) (3 10 1 2 7) (3 10 1 2 8) 
Divide:3 4 1 3
(2 3 217394434) (3 2 217394434) 
(3 10 1 2 6) (3 10 1 2 7) (3 10 1 2 8) 
Divide:4 4 1 3
(3 2 217394434) 
(3 10 1 2 6) (3 10 1 2 7) (3 10 1 2 8) 
Divide:6 9 4 4
(8 3 225045590) (6 7 283254485) (7 6 283254485) (6 8 333042360) 
(8 10 1 4 5) 
Divide:8 9 4 4
(7 6 283254485) (6 8 333042360) 
(8 10 1 4 5) 
Divide:9 9 4 4
(6 8 333042360) 
(8 10 1 4 5) 
Divide:11 20 5 10
(4 6 442139372) (6 4 442139372) (2 9 486331361) (9 2 486331361) (4 9 551176338) (9 4 551176338) (8 10 808296330) (10 8 808296330) (4 10 922205209) (10 4 922205209) 
(8 10 1 1 1) (8 10 1 3 2) (8 10 1 3 3) (8 10 1 1 4) (4 10 1 2 9) (4 10 1 1 10) 
Divide:16 20 5 10
(9 4 551176338) (8 10 808296330) (10 8 808296330) (4 10 922205209) (10 4 922205209) 
(8 10 1 1 1) (8 10 1 3 2) (8 10 1 3 3) (8 10 1 1 4) (4 10 1 2 9) (4 10 1 1 10) 
Divide:19 20 5 10
(4 10 922205209) (10 4 922205209) 
(8 10 1 1 1) (8 10 1 3 2) (8 10 1 3 3) (8 10 1 1 4) (4 10 1 2 9) (4 10 1 1 10) 
Divide:20 20 5 10
(10 4 922205209) 
(8 10 1 1 1) (8 10 1 3 2) (8 10 1 3 3) (8 10 1 1 4) (4 10 1 2 9) (4 10 1 1 10) 
0
0
0
0
333042360
225045590
225045590
225045590
0
0
